4622
8337
4030
3889
9537
9774
7463
1636
4303
9379
7015
9431
5308
3441
6666
8519
2112
7043
1365
1128
1693
3101
2027
9557
7196
2173
8452
5610
6862
1326
4772
8393
4158
9923
6724
3693
4353
7124
6936
8959
3511
6025
7520
8377
1301
1272
6540
9276
6655
4579
9042
6768
5993
6276
5384
2587
8254
5062
3092
6819
8599
9492
3364
6151
8531
5246
4234
7997
3982
5256
2689
4445
6987
8589
5221
4650
4834
4858
4624
9958
4656
9789
2274
2021
8002
9568
7443
7559
3595
9366
9162
8486
2746
8527
1976
1262
7798
6053
3003
8295
5166
6840
4061
2918
4661
9544
2196
2386
4000
5094
3735
1717
1425
7809
5990
4638
9387
3272
6554
9364
6898
8771
2848
2004
1787
5088
8695
9697
8129
2307
2971
5422
9768
6670
8171
6259
2248
3130
4456
5951
3897
9672
1163
5644
3718
4768
7429
9601
9382
7307
8316
3518
2705
2419
6039
4498
2692
2014
7265
9250
7714
5134
2498
4106
4555
5883
8141
5389
8675
9009
9466
9098
3644
1704
2322
8770
9199
3354
3217
3553
9220
1914
7510
1698
1684
3211
9037
1089
4734
3642
3630
9192
2272
6421
1000
7782
3791
3586
1838
2254