27253405
27324177
27632114
27352614
27820949
27632288
27328697
27560907
27555198
27006426
27843670
27598447
27654084
27397084
27573379
27792478
27420194
27734296
27106835
27058371
27094416
27062599
27788868
27041744
27531208
27661082
27507263
27759282
27789906
27824656
27357610
27246586
27465888
27880959
27710625
27275612
27045535
27093455
27959375
27448378
27586307
27789273
27170718
27735446
27765210
27994124
27644952
27166489
27412003
27097789
27033742
27511213
27393824
27032981
27597233
27133974
27378072
27591221
27076707
27587200
27858910
27409448
27796784
27845883
27915122
27054246
27585750
27571038
27381105
27260690
27183095
27105044
27783524
27575287
27947543
27475776
27739421
27721304
27763273
27039808
27967443
27097502
27700993
27545152
27783204
27841536
27826159
27317492
27833358
27837947
27498275
27399278
27625577
27761088
27714267
27306217
27453371
27459963
27710048
27891822
27373666
27066429
27405766
27749851
27808871
27838410
27224375
27583042
27805770
27345909
27029786
27250831
27542957
27835056
27494197
27847042
27940793
27396983
27535651
27055037
27566452
27699796
27328722
27162060
27278303
27813105
27003011
27293474
27378058
27858235
27414814
27952798
27470562
27969970
27881005
27212462
27562774
27946091
27212346
27684930
27518641
27448329
27859976
27961258
27626432
27399027
27354758
27573542
27543397
27173206
27530394
27456998
27262167
27063659
27701957
27145574
27536601
27649461
27727938
27747963
27039465
27640185
27599174
27819543
27768444
27786844
27522110
27915155
27268544
27991231
27343871
27371790
27754388
27297945
27026705
27936491
27677779
27037970
27802804
27355769
27453307
27321470
27876907
27096454
27141683
27529733
27421220
27876591
27711034
27993286
27874588
27904924
27133524
27336571
27255161
27629806
27920751
27786779
27952112
27865997
27026634
27114464
27408367
27243204
27435454
27343060
27062027
27328148
27077037
27554167
27432690
27977642
27003917
27622007
27281883
27719323
27405399
27098061
27445355
27255538
27104651
27126402
27039070
27821448
27130970
27743738
27324363
27849552
27579133
27210898
27414992
27532143
27886613
27881405
27051351
27292632
27682588
27340397
27002347
27185315
27656560
27694312
27758354
27596371
27958792
27346188
27041217
27499097
27138212
27371258
27984751
27836975
27659732
27325935
27588210
27605007
27388753
27024913
27601425
27629415
27885578
27543392
27030249
27700553
27047502
27691606
27426683
27531009
27380254
27728430
27356696
27159847
27766959
27396242
27710748
27409954
27717579
27364346
27109265
27669799
27906988
27589137
27127914
27743333
27638678
27480972
27228714
27945486
27912136
27835655
27290091
27625777
27685353
27049014
27940717
27728466
27063274
27707487
27712370
27423087
27353070
27888487
27932735
27610859
27196265
27352251
27837791
27247852
27756153
27858705
27965867
27753763
27926319
27698585
27139297
27451087
27014027
27051176
27636782
27727216
27402598
27897878
27314245
27397166
27470896
27825080
27159555
27162917
27933137
27322367
27735053
27150092
27699508
27425072
27747486
27198442
27204087
27887898
27298776
27958757
27542985
27536736
27609628
27654174
27200068
27397659
27467045
27772314
27287465
27937810
27501377
27560915
27092815
27849166
27230693
27387852
27348840
27986861
27008521
27108519
27475114
27891114
27074286
27136466
27964680
27883947
27174109
27872367
27346323
27669632
27948224
27667531
27895602
27505277
27986231
27817408
27196575
27884847
27997076
27483658
27967269
27234538
27684386
27524820
27033615
27225459
27572719
27709438
27350375
27788490
27840176
27807108
27800810
27207465
27512334
27108601
27300312
27803644
27089020
27666187
27252999
27259203
27722861
27104991
27423172
27687758
27757974
27276806
27022373
27611430
27278050
27261335
27737825
27405604
27712191
27734923
27222951
27995134
27399412
27392147
27285529
27390774
27427468
27862689
27014605
27412832
27339420
27580200
27521814
27040139
27114178
27717394
27278736
27098813
27601108
27047662
27790571
27723625
27037239
27028855
27924319
27948409
27778608
27649016
27869206
27588451
27090646
27418862
27053423
27171942
27906119
27739872
27042024
27861559
27001585
27799093
27054563
27120476
27316351
27176475
27784892
27946622
27173769
27007293
27753091
27948704
27709683
27095621
27847509
27894553
27497116
27626594
27008211
27220042
27967657
27177539
27280483
27514260
27038838
27507189
27630328
27956494
27358702
27201275
27137681
27915524
27850835
27435309
27303379
27727887
27580123
27562377
27912764
27980881
27620060
27600560
27924728
27302825
27455428
27081048